0.011408390076125168 1.4822925634465822
0.016078138562655192 1.4805960711781139
0.022366977361623856 1.4798917374738214
0.031115646524990288 1.477071676203602
0.043286289560488425 1.4743397702486296
0.06021738492271405 1.4753103875340292
0.08377094649942529 1.4896806127369646
0.11653730042273133 1.5326131600799116
0.15223959553894148 1.6063966655187338
0.18240662287164683 1.6838851363541634
0.2101287827196121 1.7631110225003002
0.2382886027810125 1.845526093792071
0.2681065282818783 1.9280382192389007
0.30165567999666576 2.0078065104986695
0.34206324795748266 2.0922785249712383
0.4002935319958266 2.1764441674449064
0.5188603103867999 2.25591440376457
0.6775331878040971 2.2833779434559407
1.0041382558638818 2.284806415314034
1.3968991217064672 2.2820745093590618
1.943285344253248 2.2860424073628574
2.703386286460131 2.2988258368913477
3.760794798063518 2.327212757218548
5.273362113047456 2.3718981708725413
7.1646583189569535 2.4278690111642014
10.008770672887552 2.4846330127736866
13.46664559814787 2.514093543243705
21.532804002128813 2.5300633790984137
36.17418102486248 2.5321164723590277
59.35482162417819 2.5322500685584224
94.37541387896698 2.532375182459443
