0.01173    2.883
0.01262    2.882
0.01358    2.883
0.01461    2.884
0.01572    2.884
0.01691    2.885
0.01819    2.886
0.01958    2.886
0.02106    2.888
0.02266    2.889
0.02438    2.890
0.02623    2.892
0.02822    2.894
0.03037    2.895
0.03267    2.897
0.03515    2.900
0.03782    2.902
0.04069    2.904
0.04377    2.907
0.04709    2.910
0.05066    2.913
0.05451    2.917
0.05864    2.920
0.06308    2.923
0.06787    2.927
0.07301    2.931
0.07854    2.935
0.08450    2.939
0.09090    2.943
0.09779    2.947
0.1052    2.952
0.1132    2.956
0.1218    2.959
0.1310    2.963
0.1409    2.967
0.1516    2.970
0.1631    2.973
0.1755    2.975
0.1888    2.977
0.2031    2.979
0.2185    2.981
0.2351    2.982
0.2530    2.983
0.2722    2.984
0.2929    2.984
0.3151    2.984
0.3391    2.983
0.3649    2.983
0.3926    2.982
0.4225    2.981
0.4546    2.979
0.4892    2.977
0.5264    2.976
0.5665    2.974
0.6096    2.971
0.6560    2.969
0.7059    2.966
0.7597    2.963
0.8175    2.960
0.8798    2.957
0.9468    2.953
1.019    2.949
1.097    2.944
1.180    2.940
1.270    2.935
1.367    2.929
1.471    2.924
1.584    2.917
1.704    2.911
1.835    2.904
1.975    2.896
2.126    2.888
2.288    2.879
2.463    2.870
2.652    2.859
2.855    2.848
3.073    2.836
3.309    2.823
3.515    2.813
3.704    2.801
3.946    2.791
4.203    2.777
4.479    2.760
4.771    2.747
5.083    2.733
5.416    2.716
6.147    2.689
6.654    2.669
7.318    2.645
7.796    2.632
8.709    2.608
9.426    2.591
10.20    2.581
11.39    2.564
12.92    2.551
14.65    2.544
17.14    2.537
19.42    2.537
22.37    2.534
25.36    2.534
31.57    2.534
38.70    2.534
53.78    2.534
72.42    2.534
88.77    2.534