"M_DM     Omega_b h^2     Neff       n         p         D         t         He3         a         Li7         Be7         chi2BBN         chi2CMB         chi2BBNCMB"
0.1 0.022 4.462573256210996 9.909943959436911e-11 0.7399309108499097 0.000021571883064892823 7.058642599243829e-8 8.340559157619417e-6 0.06500017731870024 2.6716941172598664e-11 3.411517703908373e-10 0. 0. 0.
0.12589254117941673 0.022 4.462160656653051 9.993049078810942e-11 0.7398755734278359 0.000021662023305552912 7.088652191769101e-8 8.354656675491587e-6 0.06501395580952629 2.6810298160681175e-11 3.388600187410031e-10 0. 0. 0.
0.15848931924611134 0.022 4.461523151543416 1.0064618665690274e-10 0.7398309088530869 0.000021739318694531007 7.114484263461454e-8 8.367694422422393e-6 0.06502507333674763 2.6886164599728642e-11 3.368082250638996e-10 0. 0. 0.
0.19952623149688797 0.022 4.4605056140812085 1.0117127436714972e-10 0.739820768069342 0.000021795875885409117 7.133457773391904e-8 8.378057987539331e-6 0.06502757234165066 2.6936203001483343e-11 3.3523458919371735e-10 0. 0. 0.
0.251188643150958 0.022 4.45890530091898 1.0147161704578943e-10 0.7398796908652947 0.000021828314755772632 7.144349239848595e-8 8.384950216855073e-6 0.0650128201739802 2.6955124997286072e-11 3.342507399598719e-10 0. 0. 0.
0.31622776601683794 0.022 4.456397430991649 1.0156365232437235e-10 0.7400501540126941 0.00002183865012722016 7.147753930830821e-8 8.388772952078468e-6 0.06497019632765656 2.6940503864963883e-11 3.3379604414543365e-10 0. 0. 0.
0.3981071705534973 0.022 4.45246892018269 1.0149138603198668e-10 0.7403763616628304 0.000021831766618602355 7.145265443514863e-8 8.390718037188292e-6 0.06488864641698995 2.6891095561288674e-11 3.337050376186727e-10 0. 0. 0.
0.5011872336272724 0.022 4.446354042916395 1.012923665574535e-10 0.7408973385978956 0.00002181179826970459 7.138248219355481e-8 8.391973944931872e-6 0.06475841127809427 2.6805159609718703e-11 3.338219391539335e-10 0. 0. 0.
0.6309573444801934 0.022 4.436906802469196 1.0097359784269176e-10 0.7416421356797978 0.000021779567965323247 7.126950539754555e-8 8.393101257686781e-6 0.0645722273618586 2.6679402750776152e-11 3.340845885917454e-10 0. 0. 0.
0.7943282347242815 0.022 4.422451522178466 1.0051416882158922e-10 0.742626431156642 0.00002173288169347243 7.110592099402283e-8 8.394015486421063e-6 0.06432617627244633 2.650981441993935e-11 3.3452046519198754e-10 0. 0. 0.
1. 0.022 4.40059957843108 9.987558022728277e-11 0.7438455418374066 0.00002166757611850879 7.087716000626021e-8 8.394148750192952e-6 0.06402143132598126 2.62933977254477e-11 3.352200809308081e-10 0. 0. 0.
1.2589254117941675 0.022 4.368106124970942 9.900904567327161e-11 0.7452628988311367 0.00002157825687448744 7.056439249354604e-8 8.392519436556842e-6 0.06366713819247456 2.6030188392280284e-11 3.3632443554099203e-10 0. 0. 0.
1.584893192461114 0.022 4.320834192288921 9.786005711443923e-11 0.7468002220674498 0.000021458681887602552 7.014587180531348e-8 8.387731076562592e-6 0.06328287107389867 2.5724688715857057e-11 3.3802519631079353e-10 0. 0. 0.
1.9952623149688797 0.022 4.253970584243925 9.637041723921144e-11 0.7483392063501849 0.000021301882686989945 6.95974056064459e-8 8.377986685228948e-6 0.06289821111897251 2.538555764810025e-11 3.405697735873433e-10 0. 0. 0.
2.511886431509581 0.022 4.162769401137601 9.448965525892007e-11 0.7497426975608354 0.00002110128542080035 6.889630825336777e-8 8.361394725565656e-6 0.06254745157943155 2.5023662923011918e-11 3.442304786029673e-10 0. 0. 0.
3.1622776601683795 0.022 4.044058470700314 9.219326272254169e-11 0.7508941041727476 0.000020852677208634906 6.802828203965507e-8 8.336502556337565e-6 0.062259743543168586 2.464880340517871e-11 3.4924109159956917e-10 0. 0. 0.
3.981071705534973 0.022 3.8983181757828973 8.951032231112695e-11 0.7517371683198667 0.00002055734190632066 6.699835348548246e-8 8.302990457434494e-6 0.06204915107060393 2.4267772661546394e-11 3.5569444671204957e-10 0. 0. 0.
5.011872336272725 0.022 3.731884058047435 8.655704651749833e-11 0.7522880991791008 0.000020226294805702717 6.584547122666132e-8 8.262354202978979e-6 0.06191161520909744 2.3887316406005402e-11 3.634098024076665e-10 0. 0. 0.
6.309573444801933 0.022 3.557692926702058 8.354962713343096e-11 0.7526092691971545 0.000019882706904112775 6.465068197285749e-8 8.218089532140992e-6 0.06183152857976047 2.352045136826729e-11 3.718452771687657e-10 0. 0. 0.
7.943282347242818 0.022 3.3932370175271025 8.07692558720332e-11 0.7527688312599532 0.000019559072345791277 6.352692029295369e-8 8.175086571921094e-6 0.06179183296314041 2.3189450431054805e-11 3.801408874753495e-10 0. 0. 0.
10. 0.022 3.255617214491242 7.848099288448921e-11 0.7528228748099375 0.000019288219144270048 6.258766274592537e-8 8.138311191939006e-6 0.06177848577667583 2.291970499594328e-11 3.873355514382452e-10 0. 0. 0.
12.589254117941675 0.022 3.155587147069117 7.683873965870776e-11 0.7528197415180509 0.000019091229574731754 6.190525183094915e-8 8.111137417867517e-6 0.06177938847790365 2.2727145531969812e-11 3.9271564130146714e-10 0. 0. 0.
15.848931924611142 0.022 3.094006115027144 7.583643370913789e-11 0.7527992772854349 0.00001896989857822109 6.148523655228302e-8 8.094214906601498e-6 0.06178457820299351 2.2610092583857853e-11 3.960938341478134e-10 0. 0. 0.
19.952623149688808 0.022 3.062888422667213 7.533243273387921e-11 0.7527832367066083 0.000018908566660776952 6.127301103840087e-8 8.085604174387648e-6 0.061788625628081253 2.2551396711316927e-11 3.978208447723376e-10 0. 0. 0.
25.11886431509582 0.022 3.0504676183233626 7.513182218638953e-11 0.7527757282466918 0.00001888409015621457 6.118833024170714e-8 8.082158040021845e-6 0.06179051762830558 2.2528062796422707e-11 3.98513682077368e-10 0. 0. 0.
30.5 0.022 3.047021086169057 7.507619133429343e-11 0.7527735369217807 0.000018877298593276134 6.116483595811817e-8 8.081200398285408e-6 0.06179106959085228 2.252159863736297e-11 3.9870634103087507e-10 0. 0. 0.