"M_DM     Omega_b h^2     Neff       n         p         D         t         He3         a         Li7         Be7         chi2BBN         chi2CMB         chi2BBNCMB"
0.1 0.022 2.0975445361180505 2.4424446605218026e-11 0.7249558165262437 0.00001077301009733048 3.4526361898258205e-8 6.514003968463734e-6 0.06875074646796327 1.5461277812080212e-11 8.372016360165871e-10 0. 0. 0.
0.12589254117941673 0.022 2.0977485748779863 2.592042816741957e-11 0.7266018039466421 0.000011094002922163058 3.562998735323736e-8 6.541700097999494e-6 0.06833906755149238 1.5746794132748583e-11 8.167835229692645e-10 0. 0. 0.
0.15848931924611134 0.022 2.0980683815622743 2.8588438536688806e-11 0.7289948031866265 0.000011652524018689334 3.744305128927296e-8 6.616072585631623e-6 0.06774048140677434 1.63828444237754e-11 7.786304767036849e-10 0. 0. 0.
0.19952623149688797 0.022 2.098574936477599 3.2930701260466793e-11 0.7322901892645569 0.000012513504504880303 4.018015207474387e-8 6.761589906842603e-6 0.06691609330676873 1.736171317272942e-11 7.195805359949937e-10 0. 0. 0.
0.251188643150958 0.022 2.0993725439961204 3.920340183135369e-11 0.7364528306574332 0.000013663516326177505 4.384001121417832e-8 6.988966623966734e-6 0.0658746848025235 1.854583999241903e-11 6.447475177851802e-10 0. 0. 0.
0.31622776601683794 0.022 2.100627738215445 4.67604892210305e-11 0.7410540112451712 0.00001493129456753882 4.791885871411968e-8 7.269943303804824e-6 0.06472354210340787 1.9656533029951252e-11 5.690798340383165e-10 0. 0. 0.
0.3981071705534973 0.022 2.1025891737620985 5.371422934519609e-11 0.7452529270164302 0.000016008530272714353 5.1429003540831445e-8 7.530675664454303e-6 0.06367307646093724 2.0416738996702587e-11 5.1014019839416e-10 0. 0. 0.
0.4 0.022 2.1026415887105085 5.383550463666305e-11 0.7453288048969685 0.000016026669966654198 5.148848106619322e-8 7.535253102961255e-6 0.06365409444489052 2.0427812976769636e-11 5.09185223989339e-10 0. 0. 0.
0.5035701647176669 0.022 2.105717079415123 5.825846740649575e-11 0.7483228067399967 0.000016674802463504933 5.3622314167883687e-8 7.704415605662765e-6 0.06290514150255741 2.0768529101849983e-11 4.756818038259644e-10 0. 0. 0.
0.6339572769844454 0.022 2.11045492222688 6.012125964556659e-11 0.7500674504497297 0.000016940757052197404 5.450351493915336e-8 7.77992911442039e-6 0.06246879032526032 2.084106066545907e-11 4.619340565836379e-10 0. 0. 0.
0.7981049259875519 0.022 2.1176842658151647 6.0635146632862e-11 0.751102500574227 0.000017013917510272485 5.4747067666122226e-8 7.80464792630598e-6 0.06220997249951277 2.0803061110666793e-11 4.576801943718372e-10 0. 0. 0.
1.004754572603832 0.022 2.1285919004147518 6.077976090968504e-11 0.7519373689331666 0.000017034844765388775 5.4817634552306626e-8 7.814508480444158e-6 0.0620012375008211 2.0737662354973327e-11 4.559989322141676e-10 0. 0. 0.
1.2649110640673518 0.022 2.1448356237878667 6.09317860374531e-11 0.7527454791723678 0.00001705648406999976 5.4891613487853554e-8 7.823223534413015e-6 0.06179919253241784 2.0676827642973287e-11 4.54418987144334e-10 0. 0. 0.
1.6 0.022 2.1692576108547375 6.120886506404341e-11 0.7534879693407535 0.0000170949935514591 5.5023577313732994e-8 7.83383336898795e-6 0.06161354268281753 2.064030191199044e-11 4.523589603480239e-10 0. 0. 0.
2.0142806588706677 0.022 2.2038010848821803 6.166596832316169e-11 0.7540147654459175 0.000017157542842205433 5.523813484075817e-8 7.846439047154595e-6 0.06148180277112941 2.0650692578429653e-11 4.497443163544578e-10 0. 0. 0.
2.535829107937782 0.022 2.2522608966257156 6.237312676342199e-11 0.7542428895021742 0.000017253179364702513 5.5566438929844245e-8 7.861770304853657e-6 0.06142471219968432 2.0725723274412537e-11 4.4638305269695234e-10 0. 0. 0.
3.1924197039502076 0.022 2.3180411844348185 6.338922207191606e-11 0.7541450952525529 0.000017389130050318786 5.6033480085872085e-8 7.880643261463156e-6 0.061449078288715236 2.0875608841070792e-11 4.4209468699086637e-10 0. 0. 0.
4.019018290415328 0.022 2.403535836017651 6.474758845154805e-11 0.7537965478817273 0.00001756886145764343 5.665142157506938e-8 7.904002845206563e-6 0.06153610729122033 2.1096169837907134e-11 4.3672762644146734e-10 0. 0. 0.
5.059644256269407 0.022 2.508408584110699 6.643037471908904e-11 0.7533555688892142 0.0000177887882265567 5.7408249043678204e-8 7.932333861682066e-6 0.06164622027044654 2.1367071081138843e-11 4.302859288473771e-10 0. 0. 0.
6.369714728855958 0.022 2.627583034088587 6.834428366079126e-11 0.7529876186826 0.000018035560515510948 5.825832858750123e-8 7.964796293782032e-6 0.061738059463193655 2.1656747114882248e-11 4.2307828245398534e-10 0. 0. 0.
8.018995738036358 0.022 2.750129907470198 7.03089067546873e-11 0.7527795025674894 0.000018285342346444157 5.911970960199914e-8 7.998573758093808e-6 0.06178993763371185 2.1931096347483426e-11 4.1578536676218013e-10 0. 0. 0.
10.095 0.022 2.861064330610235 7.20868126877146e-11 0.7527144486680268 0.00001850840567556245 5.988973706018026e-8 8.029402905100158e-6 0.06180606588803758 2.2161684579960875e-11 4.092979195643361e-10 0. 0. 0.
12.70885203206212 0.022 2.9468860303689994 7.346411526749221e-11 0.752722680924981 0.00001867931365465891 6.048023253150792e-8 8.053319149426715e-6 0.061803903997749425 2.2331056298184824e-11 4.04363450839704e-10 0. 0. 0.
15.99949677789494 0.022 3.001900086533554 7.434895519262448e-11 0.7527466005283115 0.00001878825608489554 6.085686458883573e-8 8.068648299448794e-6 0.06179785785142342 2.243649942175532e-11 4.012413466501748e-10 0. 0. 0.
20.14217306961084 0.022 3.0302310355788302 7.480548312353934e-11 0.75276290639935 0.00001884420549486006 6.105036249816829e-8 8.076534397736913e-6 0.06179374735184585 2.24900645780297e-11 3.9964647118091877e-10 0. 0. 0.
25.35749352608922 0.022 3.0415644910409774 7.498817899060694e-11 0.7527700113231002 0.000018866545627470253 6.112763743086657e-8 8.079684229769902e-6 0.06179195753153658 2.2511364501010877e-11 3.9901158134803283e-10 0. 0. 0.
31.92319297939979 0.022 3.04495515195784 7.50429282055213e-11 0.7527721928001224 0.00001887323393437233 6.115077530753694e-8 8.080627597972085e-6 0.061791408093553934 2.251773105570469e-11 3.988216638716831e-10 0. 0. 0.
