0.01232    0.2596
0.01332    0.2596
0.01440    0.2596
0.01557    0.2596
0.01684    0.2596
0.01820    0.2596
0.01968    0.2596
0.02128    0.2596
0.02300    0.2596
0.02487    0.2596
0.02689    0.2596
0.02907    0.2596
0.03143    0.2596
0.03398    0.2596
0.03674    0.2596
0.03972    0.2596
0.04294    0.2596
0.04642    0.2596
0.05019    0.2596
0.05426    0.2596
0.05867    0.2596
0.06343    0.2597
0.06857    0.2597
0.07414    0.2597
0.08015    0.2597
0.08666    0.2597
0.09369    0.2597
0.1013    0.2598
0.1095    0.2598
0.1184    0.2598
0.1280    0.2598
0.1384    0.2598
0.1496    0.2598
0.1618    0.2599
0.1749    0.2599
0.1891    0.2599
0.2044    0.2599
0.2210    0.2599
0.2389    0.2598
0.2583    0.2598
0.2793    0.2598
0.3020    0.2597
0.3265    0.2596
0.3530    0.2596
0.3816    0.2594
0.4126    0.2593
0.4460    0.2592
0.4822    0.2590
0.5214    0.2588
0.5637    0.2586
0.6094    0.2583
0.6589    0.2581
0.7098    0.2578
0.7593    0.2575
0.8093    0.2572
0.8596    0.2570
0.9098    0.2567
0.9482    0.2564
1.004    0.2562
1.061    0.2559
1.114    0.2556
1.170    0.2553
1.230    0.2550
1.292    0.2548
1.358    0.2545
1.424    0.2542
1.499    0.2539
1.576    0.2536
1.657    0.2534
1.741    0.2531
1.830    0.2528
1.923    0.2525
2.021    0.2523
2.126    0.2520
2.267    0.2517
2.409    0.2514
2.572    0.2512
2.741    0.2509
2.932    0.2506
3.159    0.2503
3.403    0.2501
3.666    0.2498
3.928    0.2496
4.270    0.2493
4.642    0.2492
5.045    0.2490
5.577    0.2488
6.164    0.2485
6.589    0.2483
7.044    0.2482
7.657    0.2479
8.463    0.2478
9.200    0.2476
10.51    0.2474
12.01    0.2472
13.96    0.2471
16.77    0.2470
18.85    0.2470
21.54    0.2470
25.04    0.2470
30.58    0.2470
35.54    0.2470
43.42    0.2469
