0.011794392082523943 0.2779492207394669
0.016761773543149464 0.2779044729468517
0.023821240666411864 0.27779690526226414
0.03385390605751451 0.2776055777217133
0.0481119758370524 0.2772231730097463
0.06837504112561064 0.2764638489459447
0.09717219398269836 0.2749951836019544
0.1313348772137441 0.27278827072313583
0.16325790896289077 0.27037725733956536
0.19300210377832921 0.26798952897524153
0.22250854008644977 0.2655232327245341
0.25226822081264516 0.2631379972746487
0.28362467649958584 0.26071847547883215
0.318878679448246 0.2583251286380041
0.36464314273446036 0.2560593338864525
0.4203009530391859 0.2535728015342064
0.5181078129394973 0.2510832697000862
0.6924881580273053 0.24911306945768552
0.9951822313479097 0.24768357550285627
1.3147061745610067 0.24652437054765425
2.149149140062919 0.24483992839290408
3.0542948669279943 0.2443671326030884
4.159613870567966 0.2446332940721769
5.822231138251736 0.24538289834851956
7.363439880667567 0.24593161151891588
9.612193023585895 0.2463707194235389
12.008896604082839 0.24677307509881422
15.230493299176153 0.24694272541312778
20.79756174645022 0.24699404856013552
27.36951368657089 0.2469918080180689
43.50200928670641 0.24698802710333145
100.10410092822671 0.24710282153415242
