"M_DM     Omega_b h^2     Neff       n         p         D         t         He3         a         Li7         Be7         chi2BBN         chi2CMB         chi2BBNCMB"
0.01 0.02224 4.448700607383276 9.209144514772656e-11 0.7401486259676 0.00002071949190715378 6.76359976953715e-8 8.238452098879312e-6 0.06494625349770795 2.5857606165100283e-11 3.603071325322164e-10 0. 0. 0.
0.015848931924611134 0.02224 4.463059170498356 9.233320017030184e-11 0.7401435757899405 0.000020741385176750457 6.773331136637388e-8 8.239041486282e-6 0.0649475045809379 2.5877353227825828e-11 3.599818188708529e-10 0. 0. 0.
0.025118864315095794 0.02224 4.463220963879705 9.277990529298483e-11 0.7401314498582925 0.0000207869806067953 6.791699186831319e-8 8.241376875161297e-6 0.06495051137797067 2.592393780420533e-11 3.592213184508338e-10 0. 0. 0.
0.039810717055349734 0.02224 4.463159525873191 9.357196877073821e-11 0.7401038769489231 0.000020872701743869942 6.82301428587854e-8 8.248233361774233e-6 0.06495735637001084 2.6019363565365523e-11 3.5758693892004775e-10 0. 0. 0.
0.06309573444801933 0.02224 4.4629901783037385 9.482817108180176e-11 0.7400472295840426 0.00002101106677036297 6.870268045622684e-8 8.263444327260075e-6 0.06497143727077118 2.6177422918709028e-11 3.5457509588467245e-10 0. 0. 0.
0.1 0.02224 4.462573256210996 9.644997166016065e-11 0.7399518740047457 0.00002118962819907303 6.9297160007327e-8 8.28810792392034e-6 0.06499516794820927 2.6374640003255015e-11 3.502108228524468e-10 0. 0. 0.
0.15848931924611143 0.02224 4.46152288082868 9.795771483373426e-11 0.7398522461083297 0.00002135435221495743 6.984621828835644e-8 8.314990999777779e-6 0.06501997199326864 2.654285320476249e-11 3.4579150565822074e-10 0. 0. 0.
0.25118864315095807 0.02224 4.458904281503657 9.876221701574247e-11 0.7399014316460693 0.000021441897149309405 7.013981662219066e-8 8.33209972439023e-6 0.06500761878885951 2.6611524790627892e-11 3.43188138119876e-10 0. 0. 0.
0.3981071705534973 0.02224 4.45246892018269 9.878131096398406e-11 0.7403984736763358 0.0000214452808281055 7.014876526609349e-8 8.337840905216358e-6 0.06488335227794664 2.6548276196345876e-11 3.426272431202608e-10 0. 0. 0.
0.6309573444801934 0.02224 4.436906802469196 9.827599291810182e-11 0.7416647663240843 0.00002139388266197902 6.996848508293836e-8 8.340252237553349e-6 0.06456680314164316 2.633876843012124e-11 3.4299964765198677e-10 0. 0. 0.
1. 0.02224 4.40059957843108 9.720500748333352e-11 0.7438688618943778 0.00002128365868398803 6.958248201686626e-8 8.341379733908162e-6 0.06401583380389562 2.595673187470781e-11 3.4413014734598917e-10 0. 0. 0.
1.5 0.02224 4.333730814588079 9.553556741829521e-11 0.7464513000391152 0.000021109301301078624 6.897233185800107e-8 8.336636330365385e-6 0.06337031545873766 2.5469473209942336e-11 3.4647299177861676e-10 0. 0. 0.
2. 0.02224 4.253164408826279 9.377069679479646e-11 0.7483783630069388 0.00002092204089268473 6.831761272715194e-8 8.32542249598244e-6 0.06288865224417786 2.505434083696446e-11 3.4955248151143205e-10 0. 0. 0.
2.5 0.02224 4.164919767285754 9.199615396756308e-11 0.7497395161662784 0.00002073103365076586 6.765040854966607e-8 8.30958978355807e-6 0.06254847182768043 2.4706998065896387e-11 3.5313813264921474e-10 0. 0. 0.
3. 0.02224 4.073696707601467 9.026359544149749e-11 0.7506801740154561 0.000020542106640719985 6.699105929636869e-8 8.290957810888911e-6 0.06231341629154168 2.4413696725339807e-11 3.570175644465933e-10 0. 0. 0.
3.5 0.02224 3.982940447280172 8.860581396174913e-11 0.7513268991592748 0.000020359178803338322 6.635319550329479e-8 8.27095481519336e-6 0.062151841944000495 2.416187834228376e-11 3.610196586527685e-10 0. 0. 0.
4. 0.02224 3.8950602622775756 8.704423491133176e-11 0.7517735776946352 0.000020184987874095293 6.574628876265289e-8 8.25062822153091e-6 0.06204027509953691 2.394228969054434e-11 3.650118113005902e-10 0. 0. 0.
4.5 0.02224 3.8116536855812115 8.559162846015764e-11 0.7520851939816792 0.00002002132686160769 6.517650632198995e-8 8.230690384479215e-6 0.06196246823289807 2.3748591268633114e-11 3.688981293930189e-10 0. 0. 0.
5. 0.02224 3.73366545045932 8.425405493291097e-11 0.752305286547785 0.00001986924147374382 6.464739564248766e-8 8.211606117048514e-6 0.06190753583823613 2.357649459616511e-11 3.726124193823176e-10 0. 0. 0.
5.5 0.02224 3.661580395812151 8.303237070740611e-11 0.7524626195919776 0.000019729165552816837 6.416038392073765e-8 8.193652528600055e-6 0.061868286440044266 2.3422979953684564e-11 3.761125630486129e-10 0. 0. 0.
6. 0.02224 3.5955620129602077 8.192437501214319e-11 0.7525761178701827 0.00001960114735050661 6.371556211747874e-8 8.176982395885079e-6 0.061839988710623135 2.3285896803854866e-11 3.793733622531295e-10 0. 0. 0.
6.5 0.02224 3.535516893807368 8.09246951302376e-11 0.7526584638454916 0.00001948483835730192 6.331164323699556e-8 8.161651372527958e-6 0.061819472167693304 2.3163470926119883e-11 3.823846966006816e-10 0. 0. 0.
7. 0.02224 3.4812186597374057 8.002686903134163e-11 0.752718224619693 0.000019379718923319007 6.294676755654554e-8 8.14765830019023e-6 0.061804595297904774 2.3054266496512333e-11 3.8514536684220685e-10 0. 0. 0.
7.5 0.02224 3.4323399085950306 7.92233020362427e-11 0.7527613688208074 0.000019285100442010163 6.261848415480464e-8 8.134961509992421e-6 0.061793866321637976 2.295697419158006e-11 3.876612266228564e-10 0. 0. 0.
8. 0.02224 3.3885107539463895 7.850671091206522e-11 0.7527921526809039 0.00001920028460908642 6.232433020896176e-8 8.123503864881828e-6 0.06178622157472043 2.2870482506981212e-11 3.8994121228276906e-10 0. 0. 0.
8.5 0.02224 3.3493194850401315 7.786866682003365e-11 0.752813655311347 0.000019124420466681063 6.206131540818799e-8 8.113196038857494e-6 0.061780891774002325 2.2793652718031786e-11 3.9200038124335883e-10 0. 0. 0.
9. 0.02224 3.314364035586182 7.730175490442894e-11 0.7528281762575302 0.000019056733093985766 6.182672752682681e-8 8.103951030983655e-6 0.06177730248785683 2.2725510834078276e-11 3.9385369794687173e-10 0. 0. 0.
9.5 0.02224 3.2832571121444225 7.679919567952164e-11 0.7528374566542473 0.000018996508665914818 6.161806165653338e-8 8.095689791489213e-6 0.06177501885064353 2.2665193575826098e-11 3.955152997088346e-10 0. 0. 0.
10. 0.02224 3.255617214491242 7.635395228909032e-11 0.7528428234547163 0.00001894297747806448 6.143263399645076e-8 8.0883173632018e-6 0.061773709582114554 2.2611821283806138e-11 3.9700237068939883e-10 0. 0. 0.
10.5 0.02224 3.231095456858087 7.595998971328093e-11 0.7528453293290374 0.0000188954702332859 6.126811143736697e-8 8.081751279445118e-6 0.06177311191296995 2.2564643874059377e-11 3.9833019143527e-10 0. 0. 0.
11. 0.02224 3.209369820891507 7.561193944535434e-11 0.7528457400335673 0.000018853391455721564 6.112241751494544e-8 8.075918144612123e-6 0.061773034758437956 2.2523006860930664e-11 3.995126454834366e-10 0. 0. 0.
11.5 0.02224 3.190132498308663 7.530438888910693e-11 0.752844701340447 0.000018816126163831146 6.099341210450206e-8 8.070737963547613e-6 0.061773317044552564 2.2486249815527435e-11 4.005648941254131e-10 0. 0. 0.
12. 0.02224 3.1731185904292976 7.503284481462046e-11 0.7528426456177035 0.00001878315251079902 6.087928258861488e-8 8.066142866890744e-6 0.061773850992472366 2.2453816731818498e-11 4.0149992499122525e-10 0. 0. 0.
12.5 0.02224 3.1580828519040076 7.479336244452094e-11 0.7528399404170817 0.000018754021042330293 6.077846326833371e-8 8.062074974034366e-6 0.06177454498355563 2.2425238189638094e-11 4.0232916539642455e-10 0. 0. 0.
13. 0.02224 3.144802034449632 7.458209086505613e-11 0.7528368288929995 0.000018728278830505296 6.068938549659807e-8 8.058472562519997e-6 0.061775338503109595 2.2400044893155832e-11 4.030644685516011e-10 0. 0. 0.
13.5 0.02224 3.1330729651840232 7.439569519805114e-11 0.7528335540553017 0.00001870553680992144 6.061070192455267e-8 8.055284695823536e-6 0.06177617103240243 2.2377825301029322e-11 4.03715929538708e-10 0. 0. 0.
14. 0.02224 3.1227271394790828 7.423163353254298e-11 0.7528302115601699 0.000018685493965493077 6.054136031982464e-8 8.052471508972042e-6 0.06177701883856994 2.2358285207963306e-11 4.042916141034076e-10 0. 0. 0.
16 0.02224 3.0922003596357763 7.374842341229356e-11 0.7528179405227055 0.000018626323884776455 6.033669298309934e-8 8.044141694236645e-6 0.06178012258107152 2.2300789628556727e-11 4.0599955129724244e-10 0. 0. 0.
18 0.02224 3.0737797086673653 7.345749007251022e-11 0.7528087537056268 0.00001859059693024532 6.021314085143318e-8 8.03909368057479e-6 0.06178244102581053 2.226621861703044e-11 4.070370012519599e-10 0. 0. 0.
20 0.02224 3.0626856121436714 7.328272342855367e-11 0.7528025502036719 0.000018569100893976043 6.013881180289208e-8 8.036051231338464e-6 0.0617840049858835 2.224547533539354e-11 4.076634193679996e-10 0. 0. 0.
22 0.02224 3.0560042441443898 7.317751927484842e-11 0.7527985833666551 0.00001855614905883597 6.009402932422929e-8 8.03421550887051e-6 0.061785004580822235 2.2232993211628052e-11 4.08041629497561e-10 0. 0. 0.
24 0.02224 3.051977203410375 7.311416148954548e-11 0.7527960923861468 0.000018548341794627373 6.006703468692404e-8 8.033107947362755e-6 0.06178563208012649 2.2225478691665953e-11 4.0826995386452104e-10 0. 0. 0.
26 0.02224 3.049543949480602 7.307579623989964e-11 0.7527945448681851 0.00001854361159914922 6.005068287575655e-8 8.032436187198559e-6 0.06178602184057742 2.2220929251816227e-11 4.0840844223707075e-10 0. 0. 0.
28 0.02224 3.048076762052688 7.30528452467121e-11 0.7527935992601967 0.000018540783391799962 6.004090379355638e-8 8.032035982073336e-6 0.06178625996403026 2.221820903220716e-11 4.0849113845933983e-10 0. 0. 0.
30 0.02224 3.0471849525120884 7.303870211972245e-11 0.7527930238147527 0.000018539039038030814 6.003487538123713e-8 8.031786819679048e-6 0.06178640488887711 2.2216533858809302e-11 4.085423861329697e-10 0. 0. 0.