"M_DM     Omega_b h^2     Neff       n         p         D         t         He3         a         Li7         Be7         chi2BBN         chi2CMB         chi2BBNCMB"
0.01 0.02224 2.211026527483545 3.3560852942363586e-11 0.7219003199114751 0.000010202069189060119 3.272186050184041e-8 6.46863420954992e-6 0.06951494140068512 1.6295850807007367e-11 8.762801824382661e-10 0. 0. 0.
0.015848931924611134 0.02224 2.103928228310112 2.824491884422479e-11 0.7218624969603122 9.97991369860373e-6 3.190521202662616e-8 6.430605102508615e-6 0.06952453732073213 1.5898179847778147e-11 8.944734329994352e-10 0. 0. 0.
0.025118864315095794 0.02224 2.0972621547950934 2.5161913650738567e-11 0.7221265362183217 0.000010319991503215533 3.2926694492946695e-8 6.494459548401712e-6 0.06945830886160902 1.6217803419402224e-11 8.653145942724303e-10 0. 0. 0.
0.039810717055349734 0.02224 2.097250004652839 2.288077329779469e-11 0.722436235875004 0.000010317157156665267 3.2815776019603653e-8 6.493014823276167e-6 0.06938088653311711 1.585390181005865e-11 8.649902740754866e-10 0. 0. 0.
0.06309573444801933 0.02224 2.097334144038639 2.262649346679856e-11 0.723185309381538 0.000010334846387361642 3.291376956151241e-8 6.480537975980107e-6 0.06919361859661348 1.5342607761915097e-11 8.651923937555011e-10 0. 0. 0.
0.1 0.02224 2.0975445361180505 2.368394351559206e-11 0.7249890240729281 0.00001056274463545546 3.382930047713305e-8 6.478151842566894e-6 0.06874257709879615 1.517421233240412e-11 8.530945670717651e-10 0. 0. 0.
0.15848931924611143 0.02224 2.0980683885308795 2.773724122985637e-11 0.7290203789749591 0.000011428105542843077 3.669962736416775e-8 6.57911747950489e-6 0.06773422791745504 1.608845268619914e-11 7.935492251390377e-10 0. 0. 0.
0.25118864315095807 0.02224 2.099372543992575 3.8076853609702246e-11 0.7364673802356513 0.00001340747936484467 4.299371180605309e-8 6.948424375293315e-6 0.06587120644564627 1.8240129702431892e-11 6.579126072052648e-10 0. 0. 0.
0.3981071705534973 0.02224 2.1025891737620985 5.2220208904474255e-11 0.7452624601784931 0.000015716085533318824 5.046049070944414e-8 7.485646908850754e-6 0.06367087387158218 2.0114143506853873e-11 5.216070923579253e-10 0. 0. 0.
0.6309573444801934 0.02224 2.1103355607064285 5.844521284347693e-11 0.7500544965337782 0.000016630778402983473 5.3475275270188024e-8 7.73227318046909e-6 0.062472220288465524 2.0544113626346556e-11 4.728947820957413e-10 0. 0. 0.
1. 0.02224 2.1283183811089676 5.910331473061041e-11 0.7519362914796822 0.00001672572964701807 5.379197457789893e-8 7.767360043394201e-6 0.06200169753448775 2.0444188882423194e-11 4.667284276687256e-10 0. 0. 0.
1.5 0.02224 2.1615988761037 5.943329070035424e-11 0.7533156381752225 0.000016772644959655813 5.395239840265909e-8 7.783633726541741e-6 0.061656825082873096 2.0353085540281315e-11 4.6361306044802335e-10 0. 0. 0.
2. 0.02224 2.2025415831683546 5.995119649770112e-11 0.7540191274190758 0.00001684434781228254 5.419814896504561e-8 7.79881716035618e-6 0.06148090535404023 2.0356478575554478e-11 4.6041287564270884e-10 0. 0. 0.
2.5 0.02224 2.248797897590985 6.060651982628949e-11 0.7542550426841875 0.000016933889289637404 5.4505323761317995e-8 7.813406533351483e-6 0.061421870600023826 2.0425708615001772e-11 4.5714377536600286e-10 0. 0. 0.
3. 0.02224 2.298406422273498 6.134795470620689e-11 0.7542178792617618 0.000017034245714434656 5.484983248938797e-8 7.827682270551145e-6 0.06143110031763035 2.0533785086132582e-11 4.538366908530656e-10 0. 0. 0.
3.5 0.02224 2.349765926624931 6.213580729365648e-11 0.7540450398761517 0.00001714004396847004 5.521322985831573e-8 7.84178616942367e-6 0.061474246419794674 2.0661239529305634e-11 4.505247052590673e-10 0. 0. 0.
4. 0.02224 2.4015717157317917 6.29406050852935e-11 0.753822097488855 0.000017247341594962487 5.558197308135437e-8 7.85572681704881e-6 0.061529917641053575 2.079526871758988e-11 4.4724652892901584e-10 0. 0. 0.
4.5 0.02224 2.452781188124234 6.374052610284949e-11 0.7535973384144273 0.000017353277098820016 5.594621362752584e-8 7.869418389007957e-6 0.06158604390521469 2.0927953762972957e-11 4.4404412067349537e-10 0. 0. 0.
5. 0.02224 2.502590465057356 6.452006927319675e-11 0.753394847049208 0.0000174558626239062 5.6299102198982524e-8 7.88274104571548e-6 0.061636605202082265 2.1054738031865652e-11 4.409551277312872e-10 0. 0. 0.
5.5 0.02224 2.5503963795429176 6.526857083385003e-11 0.7532242379209715 0.000017553782712039015 5.663609107983155e-8 7.895579019856235e-6 0.06167919864763102 2.1173244312188036e-11 4.380089652850056e-10 0. 0. 0.
6. 0.02224 2.5957689360509146 6.597866012032441e-11 0.7530869180659215 0.00001764616517836831 5.695415364242552e-8 7.907822763707852e-6 0.06171347300329852 2.1282415279694947e-11 4.3522858141310106e-10 0. 0. 0.
6.5 0.02224 2.6384225599647877 6.664562100080058e-11 0.752980244595585 0.000017732489405214477 5.7251473711012747e-8 7.91938341537078e-6 0.061740089319496934 2.1381998892239358e-11 4.326295878413247e-10 0. 0. 0.
7. 0.02224 2.6781952512327116 6.726725803502852e-11 0.7528998409646288 0.000017812565515347412 5.7527376311685344e-8 7.930212655155924e-6 0.06176014186422934 2.1472266619121838e-11 4.3021819789998486e-10 0. 0. 0.
7.5 0.02224 2.7150174353636927 6.784243466383465e-11 0.7528409342193227 0.000017886328885758418 5.7781614328348064e-8 7.940273303057133e-6 0.06177482393630792 2.155367249543417e-11 4.279973445864441e-10 0. 0. 0.
8. 0.02224 2.7489006528842284 6.837160433355045e-11 0.7527990799780231 0.000017953920824219144 5.80146520503567e-8 7.949559333659841e-6 0.06178524656465898 2.162685671354321e-11 4.259635303376373e-10 0. 0. 0.
8.5 0.02224 2.779908564894087 6.885579543368224e-11 0.7527703604677242 0.00001801553947592938 5.822715374496937e-8 7.95807708305088e-6 0.061792389088227415 2.1692459419050903e-11 4.2411119593125714e-10 0. 0. 0.
9. 0.02224 2.8081525133461365 6.929671515210843e-11 0.7527515591785976 0.00001807146354482633 5.842007103618407e-8 7.965845430596653e-6 0.06179705548024877 2.175112927561046e-11 4.224321710734489e-10 0. 0. 0.
9.5 0.02224 2.833773361963015 6.969689888878566e-11 0.7527400895877743 0.000018122067553248436 5.859467389132291e-8 7.97290527891743e-6 0.06179989215257736 2.1803547138941712e-11 4.209149415064094e-10 0. 0. 0.
10. 0.02224 2.8569296054062683 7.005862448833204e-11 0.7527339050535606 0.000018167683059986703 5.875209863575674e-8 7.979291598078657e-6 0.06180141057278498 2.185028319313189e-11 4.19549295023632e-10 0. 0. 0.
10.5 0.02224 2.8777866192905712 7.038454083702918e-11 0.7527314983075061 0.000018208681760392622 5.889361748106182e-8 7.985046312328947e-6 0.06180198733976569 2.1891898143568587e-11 4.183238589410561e-10 0. 0. 0.
11. 0.02224 2.896529282616078 7.067750266043397e-11 0.7527316576337361 0.00001824545227577906 5.9020562377624436e-8 7.9902192279797e-6 0.061801925149836005 2.1928926202406778e-11 4.172265324710185e-10 0. 0. 0.
11.5 0.02224 2.9133190671682123 7.094006076067831e-11 0.7527335423463359 0.000018278343320676965 5.913413272705714e-8 7.994854872287232e-6 0.061801433965848564 2.1961825762684262e-11 4.1624652512947766e-10 0. 0. 0.
12. 0.02224 2.9283332488393374 7.117492056117822e-11 0.7527365327884014 0.00001830771156283964 5.9235551380390606e-8 7.999000027507337e-6 0.061800668487696615 2.199103135036917e-11 4.1537278216713815e-10 0. 0. 0.
12.5 0.02224 2.941732723961179 7.138475520279721e-11 0.7527401575513306 0.000018333908153347532 5.932602783282037e-8 8.002703560440544e-6 0.061799746354426935 2.2016952801998912e-11 4.1459432871458073e-10 0. 0. 0.
13. 0.02224 2.953668069764663 7.157146397732855e-11 0.7527440743312266 0.000018357184818499606 5.940643212412374e-8 8.005994275816013e-6 0.061798752993901265 2.203989522221114e-11 4.1390385740705003e-10 0. 0. 0.
13.5 0.02224 2.9642888494896913 7.173788789801098e-11 0.7527480973857458 0.000018377908486687328 5.947802209934448e-8 8.008928517062535e-6 0.061797734615060836 2.2060247327152507e-11 4.13289703253536e-10 0. 0. 0.
14 0.02224 2.97372220645355 7.18856981631831e-11 0.7527520608226609 0.000018396292679346204 5.9541535706055787e-8 8.011532373042634e-6 0.06179673256409177 2.20782468132077e-11 4.127455388436493e-10 0. 0. 0.
16 0.02224 3.001905519611356 7.232756142596594e-11 0.7527658568751245 0.000018451134504315983 5.97310342021682e-8 8.01930814173828e-6 0.06179325015874692 2.2131664782332883e-11 4.1112590892047836e-10 0. 0. 0.
18 0.02224 3.0191721348168565 7.25985955324265e-11 0.7527755806192553 0.000018484690828512344 5.984700889275291e-8 8.02407006400035e-6 0.06179079878773375 2.2164162094679936e-11 4.1013778198115255e-10 0. 0. 0.
20 0.02224 3.0296661995464693 7.276340708617043e-11 0.7527818945374708 0.00001850506375420977 5.991742632767289e-8 8.026962017629236e-6 0.06178920790091085 2.2183829507992987e-11 4.095390035859417e-10 0. 0. 0.
22 0.02224 3.036022230375579 7.286329104922246e-11 0.752785853913363 0.000018517396855124283 5.996005657365306e-8 8.02871428338394e-6 0.06178821054480025 2.2195711263158126e-11 4.091768109123826e-10 0. 0. 0.
24 0.02224 3.0398637640927744 7.292360150305575e-11 0.7527882886881944 0.000018524840539215847 5.998579210153858e-8 8.02977049213723e-6 0.061787597318150846 2.2202878684690524e-11 4.089585417269225e-10 0. 0. 0.
26 0.02224 3.0421908461642055 7.296025393437264e-11 0.752789786146428 0.00001852936426614923 6.000142641573583e-8 8.030413675020037e-6 0.061787220197830076 2.2207231212398902e-11 4.0882583365333376e-10 0. 0. 0.
28 0.02224 3.04359805790598 7.29824560648304e-11 0.7527907053982151 0.000018532103536706557 6.00108960907332e-8 8.03080336075005e-6 0.06178698871601176 2.2209863835015e-11 4.087454618156705e-10 0. 0. 0.
30 0.02224 3.044450480048927 7.299567758326727e-11 0.7527912458996501 0.000018533734978005693 6.001654055865506e-8 8.031033188134308e-6 0.06178685259840569 2.2211435319155792e-11 4.0869782429003783e-10 0. 0. 0.