"Tnudec       Omegabh^2       n         p         D         t         He3         a         Li7         Be7"
0.025 0.021875 11.5582385371191 2.8429086944891657e-10 0.7336376275085211 0.000036009918086116605 1.222482165947968e-7 0.000010030557861616938 0.06656497316710164 4.0333604715462876e-11 1.4328457207298597e-10 0. 0. 0.
0.035 0.021875 11.552824790744074 2.8566711819177144e-10 0.733775242777499 0.000036097477489838044 1.225549871807697e-7 0.000010044550563338384 0.06653051484661075 4.037141992314943e-11 1.4244436223082677e-10 0. 0. 0.
0.048 0.021875 11.494580418452506 2.867397337618112e-10 0.734105212643497 0.00003616997862857588 1.2279275746173624e-7 0.000010061136074679898 0.06644797351333641 4.035422864837658e-11 1.4159011442349714e-10 0. 0. 0.
0.055 0.021875 11.409436573504019 2.856267832942973e-10 0.7343620582029685 0.0000361065323191394 1.2254437786853933e-7 0.000010059724597896004 0.06638379509144521 4.024511570889957e-11 1.419003763164502e-10 0. 0. 0.
0.065 0.021875 11.194569924070262 2.806211698071044e-10 0.7348265815872017 0.000035805709567747475 1.2142367849524535e-7 0.000010035023719152444 0.06626783402115649 3.9899102108295505e-11 1.4398560593943972e-10 0. 0. 0.
0.0746 0.021875 10.880408653499961 2.717396225153963e-10 0.7353743622047899 0.000035259037113695535 1.194124010013112e-7 9.982675062018448e-6 0.06613120296890451 3.9338658086366455e-11 1.4812222223136912e-10 0. 0. 0.
0.085 0.021875 10.43995130881759 2.5842355940535367e-10 0.7360649962442894 0.0000344181775839218 1.1633769722307287e-7 9.897395887487458e-6 0.06595903114707721 3.851332479562175e-11 1.5492517320254924e-10 0. 0. 0.
0.095 0.021875 9.951546066314691 2.4343653056333997e-10 0.7368035092797143 0.000033442367325442594 1.1278562913191505e-7 9.795106471961038e-6 0.06577497016503091 3.757257830638908e-11 1.6340036289440937e-10 0. 0. 0.
0.153 0.021875 7.205592049586757 1.6534339688150628e-10 0.7414388526486259 0.000027746230593385934 9.228835273384751e-8 9.161712123678677e-6 0.06461947272805679 3.204324853512552e-11 2.268737763098074e-10 0. 0. 0.
0.222 0.021875 5.360353629099544 1.2135314231359277e-10 0.7456320669915358 0.000023891134724148394 7.863035824872285e-8 8.706637570792833e-6 0.06357344815134636 2.8078693622139606e-11 2.8762196746002485e-10 0. 0. 0.
0.3 0.021875 4.391592966978664 1.0105783865215103e-10 0.7484047918416017 0.00002186568369384815 7.15265479255924e-8 8.459932244384793e-6 0.06288146996073053 2.587369983479266e-11 3.272963908359176e-10 0. 0. 0.
0.4 0.021875 3.8201763451146737 8.99718102804367e-11 0.7502780708298628 0.00002066920909575667 6.735438529365787e-8 8.311844713493888e-6 0.06241386260462263 2.4522723960344275e-11 3.53734936173551e-10 0. 0. 0.
0.5 0.021875 3.5403312884452016 8.478362879590802e-11 0.7512602163652115 0.000020082995324655057 6.531688121334422e-8 8.238635248437493e-6 0.06216867574114933 2.3847411619738596e-11 3.6758559693977544e-10 0. 0. 0.
0.6 0.021875 3.3836478620928263 8.195057372320048e-11 0.7518222201364785 0.000019755017133920205 6.417883340882532e-8 8.197455285544138e-6 0.06202837051327663 2.3466384135146285e-11 3.756101758684105e-10 0. 0. 0.
0.7 0.021875 3.2873474163917447 8.023608586653415e-11 0.7521669240803573 0.00001955366935840847 6.348084637113754e-8 8.172067284583886e-6 0.061942314757723944 2.323185581908163e-11 3.8064078757175196e-10 0. 0. 0.
0.8 0.021875 3.2240049745220682 7.912046783536333e-11 0.7523901007925987 0.00001942144569511018 6.302276074878185e-8 8.155332875718711e-6 0.061886599580555035 2.3077924166894564e-11 3.839906461518671e-10 0. 0. 0.
0.9 0.021875 3.1801449866036378 7.835392105995589e-11 0.7525409232828975 0.00001933003026720215 6.27061776027311e-8 8.143721318784606e-6 0.06184894860808687 2.297175754773404e-11 3.863299677030963e-10 0. 0. 0.
1. 0.021875 3.148530257544034 7.780482127808591e-11 0.752646447578363 0.00001926425732500648 6.2478458558733e-8 8.135339367382238e-6 0.06182260687524576 2.2895634356288138e-11 3.880258950645882e-10 0. 0. 0.
1.5 0.021875 3.0726872455619048 7.650079433522459e-11 0.7528782368471613 0.000019107068919062506 6.19344463699807e-8 8.115141881203342e-6 0.061764753701830696 2.2715742358052457e-11 3.921318517494979e-10 0. 0. 0.
2. 0.021875 3.0457336378918725 7.604328042251063e-11 0.7529460572671222 0.000019051575356513834 6.174245234104562e-8 8.107909796209483e-6 0.06174783190932781 2.265370279116139e-11 3.9360535201813795e-10 0. 0. 0.
2.5 0.021875 3.033159770147224 7.583151362597101e-11 0.7529723355237057 0.000019025824760927815 6.165337385514541e-8 8.104518544273097e-6 0.06174127782962327 2.262547434242261e-11 3.942956677443285e-10 0. 0. 0.
3. 0.021875 3.0262972654467837 7.571646564334406e-11 0.7529844426568575 0.000019011815464536217 6.160491128465844e-8 8.10265880412442e-6 0.06173825948152789 2.2610355096197604e-11 3.94673640445192e-10 0. 0. 0.
3.5 0.021875 3.022146626266724 7.564710899524787e-11 0.7529907308535143 0.000019003364900452134 6.157567983631419e-8 8.101529857831545e-6 0.06173669252590956 2.260134650549418e-11 3.949027308516209e-10 0. 0. 0.
4. 0.021875 3.0194468918779815 7.560212760225292e-11 0.7529942867636542 0.000018997884760717033 6.155672668261194e-8 8.100794249031873e-6 0.061735806854127655 2.2595561465562925e-11 3.950518337303347e-10 0. 0. 0.
4.5 0.021875 3.0175930454672852 7.557133548653476e-11 0.7529964366505694 0.000018994127869922504 6.154373151322487e-8 8.100288214963492e-6 0.06173527164995227 2.259162722797165e-11 3.951543078126655e-10 0. 0. 0.
5. 0.021875 3.016265562846886 7.554927186566913e-11 0.752997807855353 0.00001899143588183034 6.153442019968024e-8 8.099923915626498e-6 0.06173493047483802 2.258882770617679e-11 3.952279444506586e-10 0. 0. 0.